4656
4657
4658
4659
4660
4661
4662
4663
4665
4666
4668
4669
4700
4701
4702
4703
4704
4705
4706
4707
4708
4709
4710
4711
4712
4714
4715
4716
4717
4718
4719
4720
4721
4722
4729
4738
4739
5898
5899
5900
5901
5902
5903
5904
5906
5907
5908
5910
5911
5912
5914
5915
5923
5924
5925
5926
5927
5928
5929
5931
5932
3119
3120
3121
3122
3123
3124
3125
3127
3128
3129
3130
3131
3133
3134
3135
3136
3137
3139
3140
3197
3198
3199
3200
3201
3202
3203
3204
3205
3206
3208
3209
3210
3211
3212
3213
3214
3215
3216
3218
3219
3220
3221
3222
3223
3224
3225
3226
3228
3229
3243
3244
3245
3246
3247
3248
3249
3251
3252
3253
3254
3255
3256
3258
3259
3260
3261
3262
3263
3265
3266
363
364
3154
3155
3156
3157
3158
3160
3161
3166
3167
3168
3169
3170
3172
3173
3176
3177
3178
3179
3180
3182
3183
7856
7857
7859
7860
7862
7863
7864
353
354
7846
7847
7848
7850
7851
3276
3277
3278
3279
3280
3281
3282
3283
3284
3285
3286
3287
3288
3289
3290
3291
3292
3293
3294
3295
3296
3297
3298
3299
3300
3301
3302
3303
3304
3305
3306
3307
3308
3309
3310
3311
3312
3313
3314
3315
3316
3317
3318
3319
3320
3321
3322
3323
3324
3325
3326
3327
3328
3329
3330
3331
3332
3333
3334
3335
3336
3337
3338
3339
3340
3341
3342
3343
3344
3345
3346
3347
3348
3349
3350
3351
3352
3353
3354
3355
3356
3357
3358
3359
3360
3361
3362
3363
3364
3365
3366
3367
3368
3369
3370
3371
3372
3373
3374
3375
3376
3377
3378
3379
3380
3381
3382
3383
3384
3385
3387
3388
3389
3390
3391
3392
3393
3394
3395
3396
3397
3398
3399
3400
3401
3402
3403
3404
3405
3406
3407
3408
3409
3410
3411
3412
3413
3414
3415
3416
3417
3418
3419
3420
3421
3422
3423
3424
3425
3426
3427
3428
3429
3430
3431
3432
402
403
404
405
406
407
408
409
411
413
415
416
744
745
746
747
748
749
750
751
752
753
754
755
756
757
758
759
760
761
762
763
764
765
766
767
768
769
770
771
772
773
775
776
777
778
779
780
781
782
783
784
785
786
787
788
789
790
791
792
793
794
795
796
797
798
800
801
802
803
804
805
806
807
808
809
810
811
812
813
814
815
816
817
819
820
821
822
823
824
825
826
827
828
829
830
831
832
833
834
835
836
838
839
840
841
842
843
844
845
846
847
848
849
851
852
853
854
855
856
857
858
859
860
861
862
875
876
877
878
879
880
881
882
883
884
885
886
887
888
889
890
891
892
893
894
895
896
897
898
899
900
901
902
903
904
905
906
907
908
909
910
911
912
913
914
916
917
918
919
921
922
923
924
926
927
928
929
931
932
933
934
935
937
938
939
940
942
943
944
945
947
948
949
950
952
953
954
955
956
958
959
960
961
963
964
965
966
968
969
970
971
1017
1018
1019
1020
1021
1022
1023
1025
1028
1029
1030
1031
1032
1033
1035
1036
1037
1058
1059
1086
1087
1088
1089
1090
1091
1092
1093
1094
1095
1096
1097
1098
1099
1100
1101
1102
1103
1104
1106
1107
1108
1109
1111
1112
1113
1114
1116
1117
1118
1119
1121
1122
1123
1124
1126
1127
1128
1129
1131
1132
1133
1134
1136
1137
1138
1139
1141
1142
1143
1145
1146
1147
1149
1150
1151
1153
1154
1155
1157
1158
1159
1161
1162
1163
1165
1166
1167
1169
1170
1171
1173
1174
1175
1177
1178
1179
1181
1182
1183
1185
1186
1187
1189
1190
1191
1193
1194
1195
1197
1198
1199
1201
1202
1203
1270
1271
1272
1273
1274
1275
1276
1277
1278
1279
1280
1281
1282
1283
1284
1285
1286
1287
1288
1289
1290
1291
1292
1293
1294
1295
1296
1297
1298
1299
1300
1301
1302
1303
1304
1305
1307
1308
1309
1310
1311
1312
1313
1314
1315
1316
1317
1318
1319
1320
1321
1322
1323
1324
1325
1326
1327
1328
1329
1330
1332
1333
1334
1335
1336
1337
1338
1339
1340
1341
1342
1343
1344
1345
1346
1347
1348
1349
1350
1351
1352
1354
1355
1356
1357
1358
1359
1360
1361
1362
1363
1364
1365
1366
1367
1368
1369
1370
1371
1372
1373
1374
1376
1377
1378
1379
1380
1381
1382
1383
1384
1385
1386
1387
1388
1389
1390
1391
1392
1393
1394
1395
1396
1398
1399
1400
1401
1402
1403
1404
1405
1406
1407
1408
1409
1410
1411
1412
1413
1414
1415
1416
1417
1418
1420
1421
1422
1423
1424
1425
1426
1427
1428
1429
1430
1431
1432
1433
1434
1435
1436
1437
1438
1439
1440
1442
1443
1444
1445
1446
1447
1448
1449
1450
1451
1452
1453
1454
1455
1456
1457
1458
1459
1460
1461
1462
1465
1466
1467
1468
1469
1470
1471
1472
1473
1474
1475
1476
1477
1478
1479
1480
1481
1482
1483
1484
1485
1486
1487
1488
1489
1490
1491
1492
1493
1494
1495
1496
1497
1498
1499
1500
1501
1502
1503
1504
1505
1506
1507
1508
1509
1510
1511
1512
1513
1514
1515
1516
1517
1518
1519
1520
1521
1522
1523
1524
1525
1526
1527
1528
1529
1530
1531
1532
1533
1534
1535
1536
1537
1538
1539
1540
1541
1542
1543
1544
1545
1546
1547
1548
1549
1550
1551
1552
1553
1554
1555
1556
1557
1558
1559
1560
1561
1562
1563
1564
1565
1566
1567
1568
1569
1570
1571
1572
1573
1574
1575
1576
1577
1578
1579
1580
1581
1582
1583
1584
1585
1586
1587
1588
1589
1590
1591
1592
1593
1594
1595
1596
1597
1598
1599
1600
1601
1602
1603
1605
1606
1607
1608
1609
1610
1611
1612
1613
1614
1615
1616
1617
1619
1620
1621
1622
1623
1624
1625
1626
1627
1628
1629
1630
